10010
10036
10062
10088
10114
10140
10168
10194
10219
10253
10280
10307
10335
10368
10403
10434
10464
10498
10516
10546
10576
10615
10679
10714
10749
10774
10801
10830
10861
10889
10925
10953
10977
11009
11036
11058
11080
11103
11130
11153
11176
11197
11217
11236
11258
11280
11293
11318
11337
11351
11359
11375
11394
11414
11433
11452
11468
11496
11515
11540
11564
11583
11611
11637
11666
11690
11715
11746
11755
11780
11806
11845
11875
11898
11922
11948
11971
12000
12029
12052
12077
12100
12115
12137
12165
12183
12197
12216
12240
12265
12280
12296
12315
12334
12349
12367
12389
12398
12415
12432
12450
12460
12477
12496
12517
12534
12547
12569
12588
12605
12622
12649
12669
12688
12703
12732
12752
12774
12783
12806
12840
12865
12877
12896
12947
12974
13044
13075
13160
13254
13274
13302
13320
13343
13373
13396
13420
13456
13479
13498
13526
13536
13557
13584
13599
13619
13629
13650
13668
13707
13712
13740
13763
13783
13801
13815
13837
13858
13884
13900
13937
13967
13987
14013
14042
14060
14090
14115
14147
14176
14207
14227
14268
14303
14327
14349
14388
14407
14440
14455
14475
14498
14520
14546
14566
14584
14605
14628
14645
14665
14687
14702
14721
14735
14754
14771
14784
14806
14823
14841
14853
14864
14879
14896
14925
14937
14955
14958
14999
15019
15037
15060
15089
15104
6738
6772
6798
6826
6852
6871
6897
6920
6946
6974
6998
7031
7049
7076
7100
7123
7144
7166
7190
7218
7240
7261
7283
7308
7327
7346
7383
7408
7426
7463
7490
7507
7533
7554
7569
7596
7626
7652
7671
7698
7725
7755
7780
7813
7841
7872
7883
7914
7942
7969
7998
8024
8050
8075
8099
8122
8147
8168
8196
8218
8245
8298
8319
8347
8369
8392
8416
8442
8460
8485
8502
8526
8547
8572
8590
8610
8636
8655
8675
8693
8706
8731
8756
8772
8793
8815
8840
8866
8884
8908
8935
8968
8993
9023
9049
9074
9090
9115
9143
9170
9221
9250
9281
9312
9343
9372
9405
9439
9463
9495
9527
9557
9590
9616
9648
9676
9706
9739
9771
9800
9819
9845
9872
9903
9929
9962
9990
